Sample_ID	WwTW	Season	Distance	Date	Day	Month	Year	Soluble_reactive_phosphorus	Total_dissolved_phosphorus	Total_phosphorus	Dissolved_ammonium	Dissolved_fluoride	Dissolved_chloride	Dissolved_nitrite	Dissolved_nitrate	Dissolved_Nitrate_N	Dissolved_sulphate	Total_dissolved_nitrogen	N_check	Dissolved_organic_carbon
Wantage_Winter_-100	Wantage	Winter	-100	14/02/2017	14	2	17	53	57	68	0.03	0.161561314	20.81655247	0	27.5308353	6.216640228	31.55967079	6.95	6.237963656	2.2
Wantage_Winter_-10	Wantage	Winter	-10	14/02/2017	14	2	17	53	45	61	0.049	0.157406748	20.5118033	0	27.65501772	6.24468142	31.74178979	7.02	6.2807703	2
Wantage_Winter_0	Wantage	Winter	0	14/02/2017	14	2	17	377	404	644	1.98	0.096256905	61.69300039	0.535347052	80.96397846	18.28218868	79.03408878	23.82	19.81595096	5.92
Wantage_Winter_10	Wantage	Winter	10	14/02/2017	14	2	17	157	158	295	0.645	0.172186095	34.91139319	0.171817526	46.39916791	10.47723146	47.74650102	12.8	10.97540801	3.01
Wantage_Winter_100	Wantage	Winter	100	14/02/2017	14	2	17	154	178	344	0.565	0.171401709	34.15751738	0.172641479	45.46504537	10.26630057	46.81064417	12.14	10.70233674	2.89
Wantage_Winter_250	Wantage	Winter	250	14/02/2017	14	2	17	158	176	336	0.52	0.174510386	34.86259345	0.175667288	46.63230149	10.52987453	47.60674825	12.06	10.93083348	3.06
Wantage_Winter_500	Wantage	Winter	500	14/02/2017	14	2	17	162	185	335	0.445	0.170682793	35.15549721	0.18038619	47.32664301	10.68666133	47.94279498	12.48	11.02924934	3.14
Wantage_Winter_1000	Wantage	Winter	1000	14/02/2017	14	2	17	161	266	344	0.405	0.174129018	35.02184298	0.175766631	47.37456701	10.69748287	47.55717327	12.52	11.0089632	3.16
Wantage_Summer_-100	Wantage	Summer	-100	07/06/2017	7	6	17	60	69	94	0.045	0.249509598	20.1815105	0.032951597	20.59692103	4.650917651	33.2987829	5.43	4.684410063	3.48
Wantage_Summer_-10	Wantage	Summer	-10	07/06/2017	7	6	17	58	63	79	0.042	0.249632672	20.27477433	0.051071687	20.50183815	4.629447325	33.37079872	5.56	4.660613845	4.06
Wantage_Summer_0	Wantage	Summer	0	07/06/2017	7	6	17	448	532	680	0.36	0.218185909	62.84540004	0.20770235	90.78621258	20.50011252	77.06713082	23.22	20.7734395	7.02
Wantage_Summer_10	Wantage	Summer	10	07/06/2017	7	6	17	227	277	374	0.186	0.196464415	39.69696489	0.124276768	52.37199474	11.8259343	53.55219639	13.6	11.96675523	4.48
Wantage_Summer_100	Wantage	Summer	100	07/06/2017	7	6	17	201	248	339	0.165	0.195890563	36.61706616	0.119255237	47.2625	10.67217742	50.20906898	12.46	10.79704071	4.32
Wantage_Summer_250	Wantage	Summer	250	07/06/2017	7	6	17	166	202	262	0.123	0.191381732	32.29125378	0.103655926	39.86196316	9.001088455	45.60512082	10.34	9.093831227	4.16
Wantage_Summer_500	Wantage	Summer	500	07/06/2017	7	6	17	189	230	295	0.131	0.195309436	34.65280023	0.136135667	43.4405548	9.809157536	48.02520382	11.7	9.907860564	4.16
Wantage_Summer_1000	Wantage	Summer	1000	07/06/2017	7	6	17	213	258	316	0.13	0.194350802	37.45274667	0.157998446	47.92745862	10.82232937	50.93947247	13.28	10.91992807	3.62
Wantage_Autumn_-100	Wantage	Autumn	-100	03/10/2017	3	10	17	58	71	72	0.021	0.228141447	18.28869071	0	18.82729437	4.251324535	32.71522206	4.52	4.266283287	2.54
Wantage_Autumn_-10	Wantage	Autumn	-10	03/10/2017	3	10	17	57	65	73	0.026	0.223083367	18.48208402	0	18.95722227	4.280663093	32.9562723	4.37	4.299500409	2.56
Wantage_Autumn_0	Wantage	Autumn	0	03/10/2017	3	10	17	540	616	1278	1.38	0.051172086	86.68747342	0.496843943	111.746946	25.23318137	100.8278197	30.36	26.29813912	9.48
Wantage_Autumn_10	Wantage	Autumn	10	03/10/2017	3	10	17	274	314	375	0.448	0.17207546	49.10898107	0.22018218	61.3139259	13.84508004	64.10966048	15.68	14.18898236	4.76
Wantage_Autumn_100	Wantage	Autumn	100	03/10/2017	3	10	17	196	215	314	0.258	0.174442853	38.13464209	0.150771675	46.07168215	10.40328307	52.29229685	11.38	10.60055033	4.52
Wantage_Autumn_250	Wantage	Autumn	250	03/10/2017	3	10	17	195	213	331	0.22	0.172425336	37.59081754	0.147960756	45.3207943	10.23372774	51.61424908	10.88	10.4015007	3.92
Wantage_Autumn_500	Wantage	Autumn	500	03/10/2017	3	10	17	254	292	382	0.256	0.160333781	45.81329763	0.235075627	57.24402858	12.92607097	60.18042345	14.42	13.12096949	5.44
Wantage_Autumn_1000	Wantage	Autumn	1000	03/10/2017	3	10	17	253	283	405	0.204	0.161997284	45.07920893	0.223387025	56.83976486	12.83478561	59.48110044	14.08	12.98927811	4.86
Watlington_Winter_-100	Watlington	Winter	-100	21/02/2017	21	2	17	94	112	185	0.065	0.150293184	16.41889276	0.083751751	15.41322104	3.48040475	28.30138513	3.82	3.529826724	4.02
Watlington_Winter_-10	Watlington	Winter	-10	21/02/2017	21	2	17	91	126	173	0.054	0.167806672	16.38896716	0.091346071	15.40708478	3.479019143	28.15749419	3.85	3.51988791	4.4
Watlington_Winter_0	Watlington	Winter	0	21/02/2017	21	2	17	2180	2484	2863	3.32	0.153586477	61.72052429	0.768658174	66.0809919	14.9215143	39.62448573	19.42	17.49835098	7.24
Watlington_Winter_10	Watlington	Winter	10	21/02/2017	21	2	17	1960	2337	2653	3.48	0.152109746	57.18320944	0.797066676	59.66141903	13.47193333	38.73366997	18.56	16.17365427	5.5
Watlington_Winter_100	Watlington	Winter	100	21/02/2017	21	2	17	2020	2168	2611	3.6	0.153960032	57.73170666	0.905136208	59.76218906	13.49468785	38.79065894	19.1	16.28971405	4.13
Watlington_Winter_250	Watlington	Winter	250	21/02/2017	21	2	17	2040	2316	2800	3.74	0.15170252	58.35959051	1.118911205	59.60117933	13.45833082	39.00977962	19.54	16.36223343	5.33
Watlington_Winter_500	Watlington	Winter	500	21/02/2017	21	2	17	590	656	864	0.73	0.16684915	37.36588605	0.509815373	48.63450057	10.981984	32.08409956	12.68	11.5460942	3.55
Watlington_Winter_1000	Watlington	Winter	1000	21/02/2017	21	2	17	405	480	592	0.334	0.165995425	33.732152	0.451618507	46.57928391	10.51790282	32.09666768	12.16	10.7742311	3.13
Watlington_Summer_-100	Watlington	Summer	-100	13/06/2017	13	6	17	42	66	311	0.09	0.151628112	16.21422722	0.028529143	5.466656948	1.234406408	27.0129247	1.5	1.303992788	5.82
Watlington_Summer_-10	Watlington	Summer	-10	13/06/2017	13	6	17	83	98	379	0.063	0.234731376	16.39061077	0.021466624	6.305536258	1.423830768	27.96421362	1.47	1.472360729	4.88
Watlington_Summer_0	Watlington	Summer	0	13/06/2017	13	6	17	815	906	1106	1.98	0.128059645	80.42052107	0.675789978	87.90376937	19.84923825	42.98308664	22.92	21.38249518	6.93
Watlington_Summer_10	Watlington	Summer	10	13/06/2017	13	6	17	800	888	1276	2.06	0.126278475	74.94805474	0.735717445	82.26317229	18.57555503	41.84108416	22.5	20.1714311	6.39
Watlington_Summer_100	Watlington	Summer	100	13/06/2017	13	6	17	770	882	1254	1.94	0.145623905	74.93147374	0.999433074	81.2805518	18.35367299	41.97876781	22.14	19.85630801	5.94
Watlington_Summer_250	Watlington	Summer	250	13/06/2017	13	6	17	880	1006	1492	2.08	0.153189726	69.28705158	1.330620043	79.88093639	18.0376308	41.90562303	21.78	19.64923244	6.57
Watlington_Summer_500	Watlington	Summer	500	13/06/2017	13	6	17	283	341	358	0.405	0.240541602	39.46251208	0.550320899	51.54995835	11.64031318	33.6073685	13.9	11.95148946	3.08
Watlington_Summer_1000	Watlington	Summer	1000	13/06/2017	13	6	17	293	318	357	0.385	0.232633361	41.01114256	0.632172154	52.22672979	11.79313253	34.19906435	13.7	12.08870744	4
Watlington_Autumn_0	Watlington	Autumn	0	10/10/2017	10	10	17	2050	2050	2330	2.38	0.047139574	86.53599318	0.734660784	124.7408451	28.16728761	55.51963074	32	30.00890416	8.58
Watlington_Autumn_10	Watlington	Autumn	10	10/10/2017	10	10	17	2070	2100	2350	2.3	0.046831746	86.19792057	0.888720562	114.4923854	25.85311928	55.21192536	31.24	27.6332737	9.49
Watlington_Autumn_100	Watlington	Autumn	100	10/10/2017	10	10	17	1965	1955	2125	1.96	0.045420453	86.413769	1.367844851	111.7131219	25.22554366	55.55345529	29.8	26.74151477	8.64
Watlington_Autumn_250	Watlington	Autumn	250	10/10/2017	10	10	17	1975	2060	2410	1.86	0.046871695	87.22843676	1.644587142	110.6608662	24.98793753	55.60022129	29.88	26.42622476	8.52
Watlington_Autumn_500	Watlington	Autumn	500	10/10/2017	10	10	17	640	682	726	0.256	0.166885441	42.55554076	0.687409501	65.60992949	14.81514537	39.58655409	15.96	15.00943471	4.88
Watlington_Autumn_1000	Watlington	Autumn	1000	10/10/2017	10	10	17	666	636	836	0.218	0.167709576	43.77004108	0.723867821	67.15174373	15.16329697	40.30644456	15.78	15.32792505	3.5
Oxford_Winter_-100	Oxford	Winter	-100	28/02/2017	28	2	17	41	51	76	0.108	0.235619776	56.14462541	0.042368818	22.23506895	5.020822021	102.7530772	5.01	5.10318426	5.01
Oxford_Winter_-10	Oxford	Winter	-10	28/02/2017	28	2	17	77	84	116	0.057	0.346382064	47.87683833	0	55.98100592	12.64087231	147.2497468	13.24	12.6811194	8.36
Oxford_Winter_0	Oxford	Winter	0	28/02/2017	28	2	17	132	208	319	0.38	0.062165826	98.99969546	1.475004952	63.17157575	14.26454936	132.4710119	16.1	14.55543927	12.1
Oxford_Winter_10	Oxford	Winter	10	28/02/2017	28	2	17	132	182	303	0.38	0.064607989	96.80096056	1.392353906	61.60567882	13.91095973	132.3938391	15.94	14.20196367	11.58
Oxford_Winter_100	Oxford	Winter	100	28/02/2017	28	2	17	135	204	338	0.355	0.063151252	94.21132528	1.304692735	59.91178589	13.52846778	131.9742723	15.92	13.80015493	11.82
Oxford_Winter_250	Oxford	Winter	250	28/02/2017	28	2	17	125	187	308	0.32	0.17580441	68.74591829	0.928228143	42.72419671	9.647399257	96.26387196	12.12	9.893121789	10.44
Oxford_Winter_500	Oxford	Winter	500	28/02/2017	28	2	17	129	199	338	0.34	0.06485916	67.97853817	1.121341078	42.73823364	9.650568885	128.0761011	12.46	9.911842495	10.34
Oxford_Winter_1000	Oxford	Winter	1000	28/02/2017	28	2	17	137	204	371	0.305	0.173047498	68.68167396	0.806007541	42.75226295	9.653736796	96.79308949	13.2	9.88779321	10.26
Oxford_Summer_-100	Oxford	Summer	-100	20/06/2017	20	6	17	36	54	74	0.094	0.07005592	67.74151588	0.045279252	12.1538895	2.744426661	107.3456002	3.45	2.816636515	2.62
Oxford_Summer_-10	Oxford	Summer	-10	20/06/2017	20	6	17	38	56	57	0.093	0.068481942	67.75715466	0.040960078	12.46110105	2.813797012	107.6799471	3.57	2.885206891	2.51
Oxford_Summer_0	Oxford	Summer	0	20/06/2017	20	6	17	204	264	384	0.528	0.124844733	104.4647771	0.684276551	99.97971185	22.57606397	137.7908681	31.9	22.97935914	9.89
Oxford_Summer_10	Oxford	Summer	10	20/06/2017	20	6	17	206	267	332	0.378	0.119334869	103.2438709	0.635564236	98.42584094	22.22518989	138.0804559	32.7	22.51195747	10
Oxford_Summer_100	Oxford	Summer	100	20/06/2017	20	6	17	213	264	332	0.327	0.129968127	103.793085	1.031855494	99.58423253	22.48676218	137.9800563	33.7	22.73378756	9.32
Oxford_Summer_250	Oxford	Summer	250	20/06/2017	20	6	17	202	201	329	0.234	0.115120973	98.92252389	0.645071915	91.55276369	20.67320471	135.281143	31.3	20.84849764	8.51
Oxford_Summer_500	Oxford	Summer	500	20/06/2017	20	6	17	204	256	272	0.208	0.123056132	98.9677723	0.444034628	90.39609053	20.41202044	135.1954498	29.55	20.56717988	9.17
Oxford_Summer_1000	Oxford	Summer	1000	20/06/2017	20	6	17	222	277	349	0.216	0.12457268	102.3353826	0.979085238	98.0644864	22.1435937	137.1877243	30.78	22.30441559	9.09
Oxford_Autumn_-100	Oxford	Autumn	-100	16/10/2017	16	10	17	41	45	52	0.097	0.046874054	61.0206018	0.030183028	11.34144824	2.560972182	105.5684241	2.76	2.635574011	2.22
Oxford_Autumn_-10	Oxford	Autumn	-10	16/10/2017	16	10	17	35	37	50	0.108	0.096314228	61.06758311	0.032338102	10.31952369	2.330215027	107.9064996	2.64	2.413444924	2.14
Oxford_Autumn_0	Oxford	Autumn	0	16/10/2017	16	10	17	140	185	296	0.093	0.189589665	103.1685139	0.194872067	130.212895	29.40291178	142.2855812	31.76	29.46574729	10.56
Oxford_Autumn_10	Oxford	Autumn	10	16/10/2017	16	10	17	141	190	379	0.097	0.188018537	102.7289862	0.225897143	129.9220257	29.33723162	140.7273133	32.28	29.40319873	9.4
Oxford_Autumn_100	Oxford	Autumn	100	16/10/2017	16	10	17	154	279	356	0.081	0.183931118	102.1112341	0	130.3109801	29.42506002	141.4009322	32.48	29.47855713	9.28
Oxford_Autumn_250	Oxford	Autumn	250	16/10/2017	16	10	17	145	216	314	0.106	0.176309925	102.8828504	0.152061061	126.287438	28.51651827	140.0559025	30.52	28.58974849	8.4
Oxford_Autumn_500	Oxford	Autumn	500	16/10/2017	16	10	17	147	217	293	0.115	0	100.0150853	0.185049753	121.9917434	27.5465227	140.1336157	30.96	27.62706417	9.08
Oxford_Autumn_1000	Oxford	Autumn	1000	16/10/2017	16	10	17	153	219	320	0.099	0.185461866	101.1929209	0.124076371	124.7357768	28.16614316	140.5187981	32.32	28.23404313	8.36
Didcot_Winter_-100	Didcot	Winter	-100	07/03/2017	7	3	17	70	85	128	0.028	0.224452722	66.36703351	0	13.54374947	3.058266009	87.82469194	2.74	3.079052729	6.91
Didcot_Winter_-10	Didcot	Winter	-10	07/03/2017	7	3	17	107	127	183	0.025	0.219292518	68.36286853	0	13.64300649	3.080678886	95.93096214	2.61	3.099125563	6.14
Didcot_Winter_0	Didcot	Winter	0	07/03/2017	7	3	17	188	204	271	0.033	0.143208325	91.94667458	0	73.94090259	16.69633284	92.1579409	17.82	16.71660963	6.23
Didcot_Winter_10	Didcot	Winter	10	07/03/2017	7	3	17	169	188	264	0.034	0.166736572	87.327333	0.014379247	61.74096936	13.94150921	91.73919831	14.96	13.96345197	7.17
Didcot_Winter_100	Didcot	Winter	100	07/03/2017	7	3	17	175	198	265	0.032	0.175439549	87.51868189	0	63.29023314	14.29134297	89.87976542	15.36	14.3116177	6.88
Didcot_Winter_250	Didcot	Winter	250	07/03/2017	7	3	17	174	205	270	0.046	0.163330855	87.90106194	0	63.71955926	14.38828757	92.04395831	15.8	14.41941752	6.46
Didcot_Winter_500	Didcot	Winter	500	07/03/2017	7	3	17	175	207	281	0.054	0.234450961	88.58486947	0	62.92897315	14.20976813	69.84440282	15	14.24717648	7
Didcot_Winter_1000	Didcot	Winter	1000	07/03/2017	7	3	17	178	215	253	0.04	0.234805499	88.89258706	0	63.0078434	14.22757754	69.70618521	15.26	14.25409368	7.29
Didcot_Summer_-100	Didcot	Summer	-100	27/06/2017	27	6	17	185	220	245	0.054	0.248504632	40.37688879	0.094193681	12.78991549	2.888045434	72.46014758	4.26	2.929104775	3.24
Didcot_Summer_-10	Didcot	Summer	-10	27/06/2017	27	6	17	404	452	452	0.071	0.1449728	53.50104811	0.066865336	14.39157797	3.249711155	87.92874644	4.4	3.303873153	5.07
Didcot_Summer_0	Didcot	Summer	0	27/06/2017	27	6	17	500	648	682	0.049	0	141.9336978	0.039856676	105.5382403	23.83121555	74.48656056	30.27	23.86163319	7.57
Didcot_Summer_10	Didcot	Summer	10	27/06/2017	27	6	17	474	510	665	0.065	0.035364569	125.9822814	0.069939277	91.50798588	20.66309359	76.3318118	27.33	20.70697454	6.46
Didcot_Summer_100	Didcot	Summer	100	27/06/2017	27	6	17	488	506	679	0.068	0.039292767	122.30669	0.029673066	86.78726869	19.59712519	77.03783964	25.86	19.64368271	5.99
Didcot_Summer_250	Didcot	Summer	250	27/06/2017	27	6	17	474	533	630	0.07	0.034687904	121.7791651	0.063615156	87.36951142	19.72859935	76.87610833	26.88	19.77666969	6.65
Didcot_Summer_500	Didcot	Summer	500	27/06/2017	27	6	17	496	636	688	0.073	0.035857064	125.5390411	0.046409785	89.75872368	20.26809889	76.37977246	26.58	20.31832807	6.93
Didcot_Summer_1000	Didcot	Summer	1000	27/06/2017	27	6	17	512	651	674	0.067	0.034239192	124.9154255	0.042027934	87.96568512	19.86321922	76.62781973	27.69	19.90891333	6.1
Didcot_Autumn_-100	Didcot	Autumn	-100	31/10/2017	31	10	17	580	736	784	0.08	0.107208961	49.41491104	0	21.82166292	4.927472271	148.2396267	4.63	4.988091675	4.95
Didcot_Autumn_-10	Didcot	Autumn	-10	31/10/2017	31	10	17	450	510	509	0.128	0.09951619	54.70903127	0.089915925	17.78434366	4.015819535	118.9353103	4.36	4.114057964	4.47
Didcot_Autumn_0	Didcot	Autumn	0	31/10/2017	31	10	17	470	548	634	0.061	0.008447029	132.3368127	0.03499274	119.5656231	26.9986891	71.33388162	30	27.03741655	8.6
Didcot_Autumn_10	Didcot	Autumn	10	31/10/2017	31	10	17	466	506	570	0.076	0.03076503	115.152656	0	98.90305462	22.33294782	81.01187494	25.72	22.38484394	7.48
Didcot_Autumn_100	Didcot	Autumn	100	31/10/2017	31	10	17	471	542	776	0.073	0.017652276	125.0067864	0.041564866	111.5714533	25.19355398	73.99938408	29.16	25.24219481	6.56
Didcot_Autumn_250	Didcot	Autumn	250	31/10/2017	31	10	17	469	526	686	0.091	0.03539877	108.9105081	0.039401643	92.50378774	20.88795207	83.7002257	24.04	20.95197825	5.4
Didcot_Autumn_500	Didcot	Autumn	500	31/10/2017	31	10	17	472	580	598	0.08	0.033075681	114.326702	0.048975127	97.75035026	22.07265974	79.97181382	25.04	22.12775022	10
Didcot_Autumn_1000	Didcot	Autumn	1000	31/10/2017	31	10	17	478	514	582	0.073	0.027654303	116.9661476	0.041516795	102.4918916	23.14333037	79.13096948	25.6	23.19263235	4.8
Witney_Winter_-100	Witney	Winter	-100	05/04/2017	5	4	17	208	233	368	0.134	0.218196545	49.37533448	0.062824124	9.605800157	2.169051648	87.60667484	2.36	2.272551247	8.03
Witney_Winter_-10	Witney	Winter	-10	05/04/2017	5	4	17	446	490	530	0.086	0.109242924	83.88477276	0.014502757	58.00405763	13.09769043	103.5971321	14.58	13.16034076	7.69
Witney_Winter_0	Witney	Winter	0	14/03/2017	14	3	17	228	278	302	0.085	0.141587017	68.51819274	0	58.12885137	13.12586966	91.63181489	14.3	13.1877333	5.73
Witney_Winter_10	Witney	Winter	10	05/04/2017	5	4	17	470	548	556	0.085	0.144188512	87.79022729	0	63.77945832	14.40181317	105.0144748	16.12	14.46326534	7.73
Witney_Winter_100	Witney	Winter	100	05/04/2017	5	4	17	454	481	502	0.098	0.150196745	83.92504347	0	58.76463264	13.26943318	104.4699897	15.18	13.34135938	7.18
Witney_Winter_250	Witney	Winter	250	05/04/2017	5	4	17	471	529	523	0.093	0.145699068	86.10963658	0	61.89962113	13.9773338	104.8860987	15.02	14.0451437	7.43
Witney_Winter_500	Witney	Winter	500	05/04/2017	5	4	17	474	515	530	0.086	0.145299892	85.60288118	0	61.11292393	13.7996925	104.7440227	14.66	13.86211645	6.23
Witney_Winter_1000	Witney	Winter	1000	05/04/2017	5	4	17	455	507	504	0.078	0.149954929	83.64959404	0	59.81829645	13.50735726	104.1875114	15.24	13.56365464	7.33
Witney_Summer_-100	Witney	Summer	-100	04/07/2017	4	7	17	642	640	796	0.064	0.070225256	87.97494989	0.122433118	76.24630192	17.21690689	138.7378043	21.63	17.26112155	7.61
Witney_Summer_-10	Witney	Summer	-10	04/07/2017	4	7	17	672	742	796	0.124	0.084591648	87.12396771	0.060962323	90.97600691	20.5429693	125.4547537	24.63	20.63276769	7.6
Witney_Summer_0	Witney	Summer	0	04/07/2017	4	7	17	644	656	740	0.118	0.082998748	87.3148424	0.038591571	91.76522221	20.72117921	125.3425358	25.47	20.8062545	7.82
Witney_Summer_10	Witney	Summer	10	04/07/2017	4	7	17	660	666	732	0.142	0.08473382	86.64530123	0.066379327	91.37589153	20.63326583	125.0431237	25.17	20.73703199	7.58
Witney_Summer_100	Witney	Summer	100	04/07/2017	4	7	17	658	678	752	0.12	0.084793156	86.49026659	0.043265898	90.42405357	20.41833468	124.7683353	25.77	20.50506284	7.61
Witney_Summer_250	Witney	Summer	250	04/07/2017	4	7	17	662	702	722	0.116	0.084994601	86.14410838	0.07250426	89.41759105	20.19106895	124.8353752	24.63	20.27475998	7.27
Witney_Summer_500	Witney	Summer	500	04/07/2017	4	7	17	652	714	738	0.106	0.091148422	85.62485099	0.061596853	88.10331065	19.89429595	124.532966	24.42	19.97030664	7.33
Witney_Summer_1000	Witney	Summer	1000	04/07/2017	4	7	17	630	650	658	0.1	0.09713413	83.66078821	0.048790597	86.21091047	19.46697978	121.7608417	24.36	19.53846263	7.29
Witney_Autumn_-100	Witney	Autumn	-100	08/11/2017	8	11	17	816	854	880	0.063	0.125570418	92.76999813	0.326334329	60.59788616	13.68339365	122.748598	13.65	13.72797019	10
Witney_Autumn_-10	Witney	Autumn	-10	08/11/2017	8	11	17	816	834	948	0.143	0.129997493	89.81694077	0.144231531	71.50514779	16.1463237	117.0591031	17.4	16.2523144	6.78
Witney_Autumn_0	Witney	Autumn	0	08/11/2017	8	11	17	828	872	878	0.121	0.063205455	85.76056136	0.15386781	75.20378292	16.98149937	112.9623338	18.66	17.07011343	6.06
Witney_Autumn_10	Witney	Autumn	10	08/11/2017	8	11	17	810	834	898	0.084	0.061120986	85.4196844	0.038412785	74.54341204	16.83238336	112.2624788	18.63	16.89227413	6.06
Witney_Autumn_100	Witney	Autumn	100	08/11/2017	8	11	17	510	546	646	0.098	0.102254148	70.67951542	0.040950235	49.57639756	11.19467042	116.3859059	12.06	11.26726569	5.91
Witney_Autumn_250	Witney	Autumn	250	08/11/2017	8	11	17	648	660	748	0.106	0.08388601	77.18401036	0.0388043	61.45382993	13.87667127	115.6101091	14.46	13.9546225	5.43
Witney_Autumn_500	Witney	Autumn	500	08/11/2017	8	11	17	624	700	712	0.078	0.082391914	75.97707308	0.039859935	60.06843956	13.56384119	114.9497475	13.71	13.62012036	4.56
Witney_Autumn_1000	Witney	Autumn	1000	08/11/2017	8	11	17	542	568	614	0.092	0.100475706	71.61748905	0.037802785	53.04548027	11.97801167	115.0002513	12.51	12.0456887	4.68